0.6739968884832054
0.6721942042397112
0.3897331441915246
0.05826677033929317
0.7828059322805445
0.9803163035384592
0.41210734520391024
0.1088840072401811
0.7707840677721228
0.21713650742884494
0.6150489994427168
0.18895647107213775
0.4877002454301145
0.5811932780746746
0.3166985337553996
0.8793871453245571
0.4073875995570725
0.70073201093849
0.24677689747121134
0.7199130334022787
0.2520661020364865
0.36578471891203723
0.6823273900738389
0.5180719571196607
0.9467010890699761
0.6414596108043208
0.8410805018678837
0.8634627282166311
0.185930158480761
0.720318007810629
0.7075358377536117
0.8910998760501732
0.8787349221089311
0.4294041123110982
0.11804976124225097
0.9618972336228556
0.3808360550082911
0.17296370894562407
0.9678270594704926
0.586936890412135
0.7744743935812334
0.5917175098996671
0.940522763207976
0.5470316141667658
0.4483145073662598
0.33680222106523516
0.4405165815941259
0.8501557044831992
0.8605338921377554
0.5972242720241079
0.7742186766616443
0.07275447102081045
0.270741068744761
0.9701107338916611
0.3169063301297176
0.3406975855857768
0.6358189905298617
0.6248292829493567
0.9606240237414745
0.3751577884006806
0.37392300225387676
0.4724225308975314
0.8324450247577809
0.34043358980144267
0.32431011341275484
0.9691890390170896
0.8271334424124334
0.45747939814565175
0.2681055599577017
0.5785044787834032
0.014094954559093487
0.9146810922458376
0.7369732547407734
0.3880037877528547
0.7713737988547886
0.8558606790629791
0.2523947809169943
0.9679154467643382
0.9678295885345791
0.26989709061368905
0.1355977589158438
0.9887712492090296
0.0851782933646269
0.5286575208843184
0.604284977635916
0.5625562428656763
0.5039685677801189
0.4033174151061589
0.15988250939343474
0.7181448182084195
0.8952227646254215
0.8416989999414186
0.9191733936270456
0.5411478447020901
0.4189762066376964
0.46264827152103516
0.18423717439858178
0.6742428017132133
0.19694490293127398
0.6457150108530775
0.8686112349017203
0.9429439904379422
0.5404284912276582
0.5587476861937133
0.47723298898386723
0.7213761205382891
0.5753148830144381
0.5291659522461638
0.16011433089805105
0.3740362691998135
0.1786022131605306
0.23149905801734005
0.8534669748221395
0.7144921331924456
0.056504415832276056
0.5334773086647203
0.13499581988757636
0.3295860479170736
0.9424756053321978
0.6864717022575819
0.47775241751997743
0.6518067498333937
0.810149024909364
0.18372782044782854
0.6738634142382047
0.2708417190588631
0.17204556285421202
0.8362107084037503
0.8046015383656919
0.05129911242297702
0.08497836138974202
0.003509016079693339
0.08849617425309053
0.38056132501873385
0.31526729725588054
0.6401809482570155
0.529787778661384
0.00029675267789064375
0.965721542304199
0.8147928310517208
0.48489486968363305
0.45981229977111404
0.3803116037861357
0.5339710078092795
0.13128291892978494
0.24589392183569714
0.041045209884242984
0.4793169885008025
0.6259690458283403
0.41363809439179766
0.5991662238938366
0.04771811064207787
0.17438222348470134
0.39335234391810614
0.11440887451758963
0.06351853519807982
0.8145447018541919
0.5408126305313539
0.2597483421671104
0.7182667769358565
0.06884448543832278
0.28983880735767953
0.5898649398386541
0.6977896281856818
0.2604982530291824
0.7708556217147512
0.08915020832710663
0.16796960738302125
0.5066228170763828
0.06219006437023389
0.7994376126354046
0.9399508473033734
0.22598086199785072
0.4308288882433313
0.3557647600112942
0.12806176241927303
0.19582459715701472
0.6160551411090159
0.10180671386470896
0.024234179571139047
0.5336935550493124
0.17134744286828796
0.1546366833884414
0.9152831493958199
0.7684482135164257
0.9630805549300395
0.011126812634548178
0.597384222244295
0.0924033256872594
0.163293066980434
0.8584462889681275
0.009986057768400447
0.9635365412043225
0.7518349820019573
0.7307192427414557
0.004382889365403542
0.47648671979680124
0.8421971390443914
0.39980937133826655
0.18544978035025927
0.7237721649251898
0.9865193505916285
0.8405377284254527
0.9658120122314374
0.4265194438051131
0.758781065437739
0.5348266219596781
0.3067381093110845
0.3631189495462934
0.647672452403043
0.98196115585888
0.5058008890582922
0.6859153053664425
0.27110626479985667
0.9588275139255809
0.9002651262290811
0.3673281579284349
0.9194211082159579
0.6480896993992917
0.9500960842791512
0.5042366826342051
0.06698762652304335
0.9040902256675446
0.14927308918676552
0.965477724032488
0.5820992692724852
0.5580869104749551
0.3119543421406259
0.7290923587805961
0.6603827169210064
0.40779616866467616
0.2827509517109539
0.9687322560640221
0.1638857398375323
0.14662696233734218
0.5739999908503103
0.03924380573748343
0.7361998071148795
0.060347192643898984
0.33301123998852045
0.7793183969843971
0.5954717278990033
0.576943233648268
0.12413227515650105
0.63565028634063
0.2429575211670143
0.0435232819779946
0.3873386583580246
0.09087317943381767
0.7729582014605338
0.009041454692988338
0.7769260222284892
0.34938410917127627
0.48148308028181375
0.680348852106351
0.4022969988102494
0.06458379188891183
0.29909603713966426
0.6766823135833818
0.9228886170911105
0.3516032463838541
0.5071000487836549
0.7690005332458648
0.21925230789873396
0.9713014689439586
0.027195454378070583
0.6133354229017114
0.5869094875191851
0.4499461413273722
0.7309632296338731
0.43081602774861183
0.3781418727911632
0.15031717596730398
0.44031512530657846
0.3018899816747328
0.3580766958389896
0.9131875871469665
0.7270434682697636
0.7578953465498874
0.4470020603470025
0.4958850127850468
0.5755835897730891
0.7704935470838558
0.6737568135136933
0.27377473996194557
0.6085364787325297
0.3622631618809251
0.7039764284183486
0.23875170862184414
0.622761532563292
0.2697112200907432
0.03026221095259829
0.5820008362614598
0.08998622341866258
0.2686604398579868
0.8582544998537981
0.6592470992998462
0.7230194052743537
0.23474613687795842
0.9310874437284224
0.564749587112377
0.2381909261191173
0.5050631097528752
0.250981363381212
0.933454811713294
0.5821644626205654
0.9600080900510117
0.635143945555242
0.048656233208202115
0.7077322014308707
0.3091901250520842
0.050608532259104
0.26147716206469984
0.07484695612113934
0.5236102407988398
0.44174630352525457
0.19230470648147624
0.11850955469162527
0.5483410059168038
0.5987635421679343
0.114949598941263
0.37673907755683234
0.12189832328553551
0.4174233589050914
0.5267419157470726
0.35856410527754856
0.27252284950690353
0.17087733803820015
0.23117584003849379
0.9809353461922162
0.43966537662028005
0.3725478764372544
0.9939858032486959
0.8268293595087425
0.2640490311451932
0.698875730750617
0.2919782708736447
0.43433394775421996
0.9048160365744307
0.5104249504278376
0.1561395617536292
0.5021368820456837
0.062287830333891736
0.009334533375266463
0.493837231100517
0.753161553466141
0.37116832267326116
0.6580048485723714
0.060089560763352035
0.38247202222725385
0.23531825729929534
0.13222569680002327
0.7118141304501872
0.6198714928420718
0.9986443328383727
0.7498004246811459
0.9548116047635337
0.07616209034591181
0.18944462598096845
0.3700502280777286
0.34191887405191346
0.311487590859971
0.9409970748397196
0.6904137199653533
0.08535644413829246
0.8683323704593424
0.1917563906662485
0.3939919035871967
0.2393141321876412
0.4667467816479155
0.7027163076227445
0.20050987977119483
0.4614107298882604
0.9449196469863681
0.8553359276827497
0.9383791875150177
0.2651436861889235
0.5426974256137652
0.0016631136828243465
0.34601864419058526
0.9803178548814355
0.1785908631638241
0.8749039145037788
0.8083382389694203
0.9910220687831625
0.6017953029151903
0.32266041576519877
0.44942731558153537
0.130642645047936
0.45394678979822467
0.8739912206326275
0.5228070010987526
0.03850424881434156
0.8226014828526342
0.16040013089875016
0.7823421654949618
0.8322047262606692
0.04236250343734371
0.5010139277738118
0.9727231845570138
0.27259262132493023
0.0461526759802684
0.25101067253645126
0.2906037364682893
0.6174474034096294
0.7088762214980412
0.995117842814275
0.8599369824902802
0.7836098785991272
0.957145105813168
0.07236253557077688
0.30946651578422113
0.9262774516055693
0.36773244413177053
0.35048657550116824
0.6945188108206817
0.8636317294292907
0.06855688019473372
0.33323320191267813
0.8523911445228447
0.2104979539497368
0.4194560023158871
0.8708414572227478
0.8830594011345786
0.8717090432325548
0.8119389229928047
0.6172399932487214
0.01678627187252113
0.3090781386220114
0.06281889032074317
0.7830092962760267
0.7886057934265899
0.17095569051267312
0.9975010409409302
0.6164980136065492
0.2896486741660532
0.8463757770320047
0.8373594230925128
0.7569868517600531
0.24180338165762627
0.9212515973515837
0.36027700682719743
0.5635374503220606
0.5616892694019675
0.6634247833881969
0.49726817607903595
0.18128308020170913
0.7329283059902432
0.2688137070175465
0.12897305663812075
0.7634503788841694
0.608910500880007
0.2316556196661399
0.453484268580574
0.16482645438872756
0.5126830227014243
0.5047813248390854
0.6366952883544257
0.2537572233962163
0.48660898931909546
0.09446700299970023
0.33212220912366097
0.788519074766808
0.586437306385773
0.7259398728181438
0.6016409886935774
0.4590578178294449
0.37372689457365615
0.8668056152701376
0.7547645846789298
0.41282027119767795
0.9831566699414668
0.3348868361131315
0.8657998649599022
0.889123304208762
0.09192005035807449
0.5145298976475
0.49687636802252444
0.8669775638812834
0.554685637218647
0.1883087027081186
0.48642788179173346
0.16832470562142
0.8671420951748765
0.5888264317470624
0.01619550478512055
0.8237464166089256
0.0033469712874144575
0.7923691927212617
0.3489197381209118
0.972817478405023
0.36825243960501763
0.23880661629146183
0.28822360105073364
0.27924474280275446
0.17721591810688442
0.6058618715699057
0.22129250755209096
0.444712253483711
0.22130945676240565
0.015918676836803813
0.28858373782108215
0.8738459052697225
0.2641371869294188
0.13086804692329834
0.58818903035891
0.7729831078304078
0.449250086103284
0.6798475033354414
0.032217568823422305
0.5970360496484678
0.40961502699820707
0.45511173887389
0.4732660158606714
0.1958341452629434
0.6402527310201255
0.9436667686526465
0.8617683041964819
0.43506167874545143
0.0688129210946431
0.5290401427340995
0.8064380318794877
0.7273838803905108
0.6217094761732924
0.41228248859286465
0.4584988906842684
0.98012100065696
0.5014606468532473
0.04590581814287553
0.8637160198208902
0.4481524397321096
0.8252462227842132
0.42271527359409933
0.7398126040655579
0.7464361245906332
0.3010660324210829
0.505398491784236
0.3392919243474761
0.7731703937704175
0.0855380282640924
0.9833342539897204
0.5453171073520618
0.28450695205132037
0.9815028940094715
0.25609329653069146
0.11740168354592495
0.15677156703927053
0.47324839723790646
0.01812847480976587
0.15341496038089475
0.6123397907534837
0.359678686898781
0.7775459215575685
0.7515621866368583
0.6870436961924548
0.12040126323872635
0.27045807897565666
0.29900701282425435
0.11030188812749697
0.1576770075997248
0.8581242450976478
0.045380685819804145
0.3754416044642722
0.1207423410287346
0.6633524296343208
0.10752373164296247
0.04612315230202557
0.969035141951923
0.8629016048769741
0.8760565154195693
0.02383212540616031
0.3425255772387058
0.21774813432201323
0.6022029591124445
0.121733239064156
0.25304276213843957
0.7936423335976651
0.7951276000621182
0.7435006758633091
0.3268209719750136
0.1494318809909726
0.8135976445696399
0.6912491137129542
0.48689380927066184
0.10055587141308531
0.44476930296372286
0.9453865815722284
0.9566625496890698
0.6477870011256508
0.4498270442123834
0.48859675445614714
0.6826854428458987
0.9332963125556794
0.5719967587513265
0.02163916972496671
0.5308189337895828
0.46280801413637473
0.34992370097372905
0.5425513122649809
0.02978560261283547
0.3772054439245499
0.3693015893865822
0.5125304480918085
0.49547230644412543
0.5772729334275809
0.22010937490214544
0.2898016230922159
0.29766996361927633
0.041764639777066126
0.47591697725144155
0.3108931237322392
0.6001972550204345
0.33255046242957464
0.4166181374233542
0.8465027233804004
0.21530382691174654
0.3943495078493092
0.9553620271160297
0.5080371549059588
0.9776895845929165
0.37504730984696055
0.6228673719557357
0.32355906993034533
0.5638324288705301
0.551423646723661
0.7886929447628502
0.5681964214447465
0.3149795982518683
0.40216053679122565
0.6341153077942181
0.5977715768387877
0.023504925669527554
0.42813510607600946
0.41753497689740293
0.5303196576505631
0.3206365700745203
0.9527352547178572
0.14035933909346965
0.9815047348372093
0.8403467149142206
0.09335322374092203
0.7035136598080264
0.03145602501288658
0.34287714320551
0.9075624330608026
0.9074275953420297
0.6810845394384183
0.11687804084861464
0.1191369218015923
0.28478279151825014
0.7753732276339877
0.7501681537486052
0.4442744216747886
0.7516631065631508
0.8963889716581299
0.9810963527113786
0.23276044468188262
0.870448987272221
0.27453790214950247
0.43287084651885277
0.05525629845359692
0.9667651042283172
0.9530574663330872
0.7009913284927124
0.6808016974155212
0.9723662756895594
0.32650826933183996
0.5291795487588786
0.8693853613726005
0.7587217129641128
0.8754712268755626
0.5207496821494537
0.363469759684213
0.6537078847629645
0.07797008187943233
0.9757438431154426
0.7295735801635221
0.24970866987813833
0.678728220854596
0.4172452742245698
0.5257226652248665
0.8027677487622259
0.7067471313086768
0.17151850733029406
0.7725614182648596
0.37928656702846364
0.25989319465076377
0.14931896287780155
0.8678205254879044
0.3872850930829812
0.16760503597680598
0.8165976646145034
0.3142496723272258
0.981744595957393
0.7263376904405261
0.7597869021857888
0.3350674379689713
0.3964714474916904
0.640294473729359
0.5180458618833965
0.658132020922976
0.7912657133813986
0.5951130152253945
0.052150281070005744
0.7389780096056856
0.48903036968043667
0.06845135595347207
0.08289569298425081
0.2950926343993733
0.9489047391605911
0.7495413970822727
0.7952049688676628
0.9721806510073178
0.3633217240630444
0.9539162818074913
0.8023126869242985
0.8212981214103184
0.11275057795814492
0.4095729124261339
0.7623826948263306
0.16827844852250906
0.059373997317803684
0.9219414404724878
0.1059378516316255
0.9458561397657657
0.9688167594161291
0.1936783062096452
0.918230392434481
0.02066545457741098
0.4394854155313539
0.1444886298317617
0.5943903484540084
0.5012798430874692
0.5046581317394265
0.44184392645050097
0.6725707016187552
0.5949688873795036
0.49403241617253035
0.8361594388819255
0.37635334889071304
0.6352489871157803
0.4199510499335516
0.2984442849083204
0.23710451073913452
0.566207678155136
0.574614288739593
0.2783488075464944
0.05134313364711429
0.4348735891974558
0.3458351073795556
0.15612882818871276
0.2979594703144812
0.7173024155250401
0.09012267804355922
0.08332794180551872
0.40414914576155536
0.045125773753226794
0.32407046633775904
0.8920463918920655
0.6543649093339612
0.9108638652836072
0.3767119618088408
0.023146311561997868
0.29885434585062676
0.3006801181558225
0.044972256324004256
0.7135607440356772
0.9113462518624035
0.6003007426738691
0.1103376525143871
0.8465842018348456
0.024668457088282025
0.11803112030269225
0.4703447276809146
0.009057320435834182
0.8352698382980204
0.15471007153160365
0.6720571511432367
0.7500258167157449
0.15157797027775988
0.4173375463428475
0.05391476850098742
0.24482456511691963
0.5596412081844255
0.3983472109327526
0.3442304753399379
0.661741334919378
0.877305448720146
0.8549012555717601
0.9465401856683173
0.3854553122244383
0.6286035093875272
0.9651902074638311
0.8319342479261357
0.9937869713734364
0.3820614858862612
0.5629274619767819
0.2457551111427464
0.08441491612036855
0.7535913662859893
0.9141748213310399
0.34913564271097397
0.23027380114100715
0.11349968806102362
0.8670607964471293
0.28772555147169243
0.1618255295055071
0.949329790831034
0.13277966656231055
0.9427090570746935
0.1401027299115295
0.08600609615575705
0.09695942298077287
0.7602938643144009
0.42670387050243763
0.7629210936554041
0.9305025224109646
0.6806850343042583
0.9840462872882003
0.24106066915516855
0.011398865445664375
0.24760127490658823
0.019041086795295814
0.3242656637985577
0.19899698267935206
0.7132832538988648
0.2858698797681931
0.6408155084469952
0.5964045358534064
0.9815588221381719
0.8902881086442692
0.5211744973606537
0.5075915187064689
0.9776604805089846
0.9330928130513576
0.3722877896613985
0.058470484207183815
0.6142716331551566
0.36700245089413863
0.9023953311024798
0.6416720582159912
0.30920846500457344
0.31446731065082845
0.5595793266321264
0.46726531794364123
0.14496393917093975
0.8194234705408711
0.5687795617849637
0.47980557726799766
0.6691093948905409
0.9180686260664521
0.45188943074763144
0.6166340016608716
0.84791993091082
0.6727314385130848
0.9242055799506342
0.577269547285156
0.06740780181039852
0.012250810137578227
0.806012218580239
0.3698908480154417
0.6255298617034746
0.7353645679826982
0.854341998824186
0.7765932850885892
0.14723020453406466
0.5920086074979336
0.710828914469019
0.4626312874753109
0.7668634802775601
0.3207687527674191
0.9380647417135233
0.8279728464192548
0.7357469450916175
0.3964475609420516
0.060909995910075176
0.1825083945578685
0.3399497360327296
0.048019707552992674
0.42153322175692964
0.46551474818181715
0.3223885452907903
0.0011227025491068465
0.6776997204367893
0.5593780459978732
0.8888431838641908
0.602708300242883
0.03166369837057548
0.9180136465510034
0.3459250404354247
0.5711676860740126
0.55166522873182
0.7253792089131303
0.3136239932189271
0.31256603243484815
0.4893332362804007
0.7052733441992804
0.5406464433913748
0.9973316505235219
0.39559388838993725
0.8515261823302283
0.4647611244356161
0.2062111408114914
0.2695648914296378
0.6370247908702484
0.3986984654432667
0.13843699931515996
0.9563655323749836
0.46925923823620885
0.68392176908134
0.07783907700231918
0.7466036600876512
0.14770800028414965
0.4043537636159593
0.9323530546058058
0.3368316211658682
0.5069235732090409
0.22328231300530355
0.653903224727436
0.08554300249965407
0.6837259222857238
0.7142413067113543
0.4583610084166595
0.8734943812636866
0.9673014964981591
0.5713447296253763
0.08297406290453457
0.17972316363422136
0.13833995559724155
0.5253649420158938
0.6192192256464902
0.5795447935820012
0.5583271321567707
0.7263600823877605
0.8222146150440689
0.9795396675019807
0.3447055142532155
0.8458705208043886
0.2693172136497307
0.5049842933025702
0.761531608421222
0.02040479366316239
0.5285779438093504
0.9508594426350556
0.33780404009604825
0.5221681627562016
0.8043786292650342
0.057581233336522875
0.5883846925823683
0.22428047426105235
0.021843976786291353
0.6410237662154041
0.4048482637437336
0.519274552972817
0.04295461324362615
0.20634661716814406
0.16879346184841737
0.6337201949106513
0.3912655606408171
0.24821236782262956
0.5641668146667637
0.8577517261714318
0.07157376105964541
0.1566344203847413
0.8514254885419285
0.8432896712936729
0.244382695025544
0.3081017458698466
0.39989338467055724
0.7801174976750871
0.19614396834663517
0.14207262339653115
0.018683106333512667
0.6187114697641143
0.7289903671860971
0.03333232843709322
0.35461552811147723
0.03349841795291342
0.33762279444168164
0.8313331845441638
0.4456042326908979
0.9905058655172962
0.6390648083217686
0.41617814952718024
0.9618429844548263
0.06506146395837875
0.300832822139537
0.5819195794830756
0.10801284898273689
0.24629994659908028
0.7489607771753322
0.2782165692173585
0.41300425413890496
0.3924153603371312
0.30507919667323247
0.08257509261421225
0.30323211010980267
0.020260687024378443
0.5354650348124842
0.17815077934174695
0.05230787264746839
0.9795963852935001
0.2605015534191406
0.416402185577297
0.5448375219727328
0.901906383663208
0.6471131412493856
0.21323581027476157
0.6439208657020884
0.6884094505421481
0.23239502113601773
0.4323752596228776
0.052372790729573904
0.04073583196381092
0.4699533381531259
0.2736656160011085
0.8085971710421522
0.7422707675319454
0.8926599132323597
0.9082181940675785
0.03861383793791717
0.6307987896267719
0.9098312245884829
0.5750767699372784
0.8162161471347212
0.5479522483393557
0.9325496757498214
0.2114164564612483
0.8050647490009192
0.5921375738569169
0.3644938201901563
0.5771533942234333
0.8942580284583782
0.21804383919457415
0.6741188236198886
0.08596385654492444
0.7612193725249511
0.6903450572470435
0.1593256012523101
0.322794082478867
0.3911533270258881
0.8945576497426284
0.7715835649466094
0.5720899002046645
0.46308749515804914
0.1384509415841182
0.31914789789035425
0.2721305781036729
0.34968576645323834
0.8206979090905234
0.09763064716459047
0.9874897686963157
0.6066570028728064
0.8284873031506681
0.3394937911546615
0.7519817156630425
0.7013583737686359
0.8922540324784847
0.8941212362022817
0.29802618697732797
0.7543395523414507
0.5854964160224239
0.7914065297612041
0.4289343182934954
0.9248181447044581
0.47008863706471826
0.9533059595207769
0.4023092303903745
0.19650083569477728
0.5696515083313741
0.8110249587144518
0.6045227033538748
0.7465584097180104
0.9789070792042809
0.4824690869673167
0.11886150215137126
0.8234591293718396
0.49596274990819167
0.12703781419314863
0.31753169743988796
0.4707331494331378
0.49655565401170276
0.9341304911816826
0.9349404969593791
0.017212335647178834
0.6155238536614982
0.342999367182932
0.6903535399809527
0.3893710480064535
0.4444138527512287
0.7387052595555849
0.6098584332510053
0.7832417596874997
0.8953303553911416
0.21781208168655375
0.3253030985627887
0.7233881151046873
0.09752842057637356
0.1840245889030534
0.4057026012804592
0.1555756693830025
0.0018017452764235165
0.7499171953608924
0.6719133643937245
0.14301416869656047
0.8317220528108915
0.07797720170380906
0.15156013132070012
0.21247559551454842
0.8608085995038501
0.8548266717202637
0.4380330572219694
0.17414000987058853
0.1126687709735209
0.9105305070842528
0.058582625540143596
0.2902499786055214
0.2911884310014463
0.8954957237693956
0.3117940381553592
0.25332704058072164
0.12035250970809286
0.6305412878136833
0.94838040071973
0.8363108606208103
0.6023313092735582
0.3626097627927416
0.35354754945777866
0.820796983910722
0.6220496275284041
0.09357743242892813
0.9358296393361814
0.8004173397778113
0.3003125700024468
0.9876476746886472
0.1403054185758832
0.25760648497807503
0.916057020468909
0.7008822193490868
0.6023141331237314
0.31352002808886814
0.8898347179364214
0.851757108877368
0.6539608956631652
0.485064823972829
0.5745201724519632
0.8185556155793683
0.5000333911187806
0.767238833297823
0.36030927233124055
0.5288419146550933
0.1393916750813996
0.8204648701528622
0.3380715636122321
0.7532153640489871
0.24828683280384511
0.9130300737060068
0.040364245430760115
0.8488608457680749
0.08190244379264322
0.6533636889215533
0.2792109646800327
0.48346769514615395
0.8452736933866504
0.36337912447765885
0.7552162780902658
0.6808172198026784
0.8299215810386975
0.3105996546019443
0.4270411640482714
0.5396152949910382
0.9712249312919758
0.6174100606027346
0.6803436971343481
0.06997409759948081
0.3509447669126775
0.17109611505584443
0.9163879880976177
0.8182793821208284
0.44680558185364516
0.16192208801211738
0.2770607731860043
0.9359609224911714
0.899551264683266
0.2791634856994514
0.2810370382795897
0.07601761199008905
0.21283473315806167
0.10043756711679563
0.8097190650578766
0.3875971643634635
0.9343657786378922
0.2813108553510957
0.601091097414126
0.872929166979479
0.5443730816923602
0.28387170471229606
0.9423327159881744
0.844455615017578
0.6575784958056495
0.3726951645820724
0.6976827343511753
0.9573052365771771
0.920771189278383
0.7056175580614625
0.17297814941982825
0.7628992914298145
0.37471100723485073
0.6972430140714332
0.041405711113395305
0.5590170519924196
0.33259555133350127
0.8930251431013778
0.8751358332172319
0.8114998791496988
0.30018619697413784
0.31835728041571065
0.6654459121549887
0.8300422105678222
0.32567286350507907
0.2852386367651273
0.9965730252503
0.909965696136029
0.9719672249835871
0.3617926220220262
0.13839837923292608
0.46717627990356647
0.08347752121613361
0.42371194113585187
0.14775401714658176
0.48274347853688604
0.6968260116843472
0.6851342475302202
0.5299583970517742
0.3638943923454061
0.9613400423347724
0.21342290742385717
0.4557217087650075
0.9308296174150444
0.821933365530945
0.9168543162409024
0.1879758888703813
0.8866376516338424
0.20819210341691985
0.17978745635506888
0.6765544552870987
0.6094084246534421
0.8604574181027742
0.23703879552493357
0.009099297901955516
0.31154871082127855
0.8538238376963628
0.5540788978563523
0.7071597903172726
0.14203136552352646
0.6551544938944052
0.5758245759865178
0.7029310520288736
0.603497340813797
0.11346721173843322
0.1982729759336621
0.33580890333702706
0.6858747799968149
0.5115805594148707
0.46920190754011537
0.0780751869071431
0.291916449037829
0.47518668872025216
0.38071501835757615
0.8435651829485278
0.03142074429754882
0.8296457356073647
0.9057177199591827
0.26147904855798276
0.49754465305267714
0.12504838285959063
0.3817531997323703
0.122309872629496
0.12611423167459268
0.2924117787299082
0.13419623066493414
0.6839706909454544
0.4346252064234387
0.4799546417108005
0.8378634920998206
0.8274820764350067
0.942101586423829
0.8180006364490727
0.28711492597598354
0.9916777252068021
0.6508300295532954
0.08878372379322941
0.5345975559465138
0.11628493069206336
0.04709334495701756
0.1524579136826949
0.5850322173928344
0.977935359257231
0.7863799299648075
0.6492269323521982
0.4796930047128565
0.7530243619631753
0.402970463370808
0.5049325385476036
0.5398806731134318
0.5445972503216301
0.668118715522073
0.05082864511340579
0.984966479511161
0.8861846507593408
0.5474349155597696
0.31704842914240605
0.435647025301538
0.6851533147678057
0.36887900400909446
0.2519940551119586
0.7812709629569896
0.45053415872909985
0.5954648508503718
0.7127248544207332
0.8214128337077476
0.8472706863674359
0.18754105744284677
0.07329640480320498
0.5388286404613977
0.632492907052661
0.736510062928426
0.9391953944370146
0.5733871305599194
0.8714420169163866
0.7610727561559557
0.9056382653073874
0.3806705373516711
0.058928458323962984
0.4853373669743619
0.6730280485062737
0.8715152209506934
0.7635231630726486
0.8291636846451744
0.08455021491050307
0.885824419457006
0.6971083687085509
0.587552050954331
0.5516836850939303
0.6596821222112117
0.34409847831983276
0.28646470390161527
0.08853421089647062
0.11955547137045841
0.7597636491750478
0.49563139286244084
0.6113509349257079
0.8295362113766084
0.4284310960305383
0.7398949222403716
0.8269676776859987
0.9058713818141384
0.8166306737517756
0.22186689722419828
0.66674130568233
0.2603831366197449
0.029502779160875514
0.5839129320151737
0.4076158264679298
0.9130140309621946
0.5383335973303701
0.6459409257530293
0.047632960445185835
0.9911233181003454
0.44468769592237833
0.5491297584508001
0.1290552641017374
0.7451882892651865
0.07937818782657913
0.9595738455200081
0.4894288813848997
0.37847826403015683
0.8790938443651739
0.08297261715698667
0.105755741951851
0.43102735581869345
0.6915849556726806
0.8281837438018403
0.1893114722785152
0.13119255411812736
0.44706608371742995
0.9404263908102763
0.5624516205029685
0.924491669127507
0.7641766791840022
0.15809032157756764
0.3516031742623884
0.14924112665759348
0.7467949467579992
0.423838533451973
0.07851777587742703
0.7490670057325783
0.16670195781650132
0.09914574178011615
0.7416040744413644
0.09548225680550859
0.7451104738973339
0.9777731334477188
0.5375670422340131
0.8621010460431275
0.0698862639080442
0.6237845027302835
0.7104155207594427
0.010794061500407959
0.41234885358849105
0.8594075092718657
0.2621100846044365
0.6959445253118437
0.27414551821471056
0.6809911973279476
0.8507044250136006
0.9225322625708224
0.20776207978300165
0.017955896699746066
0.9292227691794535
0.4386523625986264
0.16097092116225298
0.052150703035089174
0.3907216819945767
0.018821529686139482
0.05501672438892358
0.9233147635311818
0.9461002760111643
0.5334439073775806
0.8322441096768224
0.5542661272868276
0.863883658417125
0.45574225479938646
0.833262456900814
0.3352435029042672
0.37124924746179067
0.8433732681988287
0.03294436618817964
0.05018340558698042
0.364050942103884
0.1335683084861201
0.3305183656494386
0.6729537200789637
0.06328320505667617
0.27329080175152765
0.4341760907442189
0.22853197832075178
0.3671022369372168
0.48791434129688893
0.7406642639258401
0.12020083103030044
0.13776407126190737
0.9855912196989774
0.30222192512800916
0.5507899297095341
0.4440896424829974
0.35776670538783295
0.020332788002262348
0.014680702963221548
0.3836858890408503
0.1678098021052199
0.14440940017222115
0.6342831645234227
0.23302967957448795
0.45819037128782336
0.9873994623980091
0.27164319520710445
0.3452555032666903
0.7444689419217835
0.9638180972689386
0.6717051400693008
0.07960003856951303
0.49917577685868675
0.2642465509631622
0.1697670272707228
0.22185792176580488
0.18667226210330823
0.8749817004734813
0.5222898395556996
0.08308127481475303
0.49062671129194546
0.38942737795463045
0.4717173278654804
0.6009926070239204
0.5865286575110179
0.1346179109660135
0.18117069155494625
0.5303655360422692
0.13838900748321636
0.3390719012116892
0.5846180639513278
0.2538961756398276
0.1153127434885034
0.6639952544137753
0.6620859432235657
0.3410961462741432
0.4044378370791205
0.2489704155394068
0.9487855708280605
0.9935178121837407
0.8515829776146359
0.16546341169736356
0.9914200141197445
0.5005805104145123
0.7999314619502705
0.7730447642453895
0.9694172040701794
0.8589798080941754
0.5622046882961376
0.972876553374009
0.785033333493677
0.6025174700649752
0.30975774536160294
0.469687876915572
0.3835443663671346
0.07145380715568239
0.9979012066941195
0.06474650900575574
0.8074472219339351
0.7504207964557563
0.5421999355004611
0.09197010639745062
0.9628520950281908
0.47746971535499505
0.03870619830875632
0.744845620288051
0.8479003107129922
0.3198843399137199
0.40329770602875525
0.5474065814527218
0.27527112710526247
0.5327919986972016
0.7967743436445696
0.7902760169987563
0.5497002348989874
0.2947345655611492
0.21961161275166963
0.901581898500226
0.6494833409966121
0.4036209893921555
0.2230383805977224
0.25303006242235104
0.5981183174078033
0.6421000209091844
0.6063906051448912
0.2373248365419165
0.5756212638756898
0.6340724033801026
0.7910739910873835
0.814150669252043
0.6473573582939592
0.3077015344369185
0.5119133810917542
0.5213731563946601
0.1939156356417937
0.3257548319287953
0.9869681529176807
0.7282275404165927
0.12151396719484497
0.07567482522228486
0.3662076858328517
0.7366002443900896
0.8496350787773804
0.1586687509600867
0.6769346700305136
0.3277666100651967
0.9760909310783615
0.9310249902072512
0.597344402353042
0.7357365688724935
0.35985140754299705
0.43557506769626186
0.8841819159883526
0.9369362929947908
0.1967497542178479
0.5110514827004973
0.1312967332799535
0.8662576980258243
0.2618906112789262
0.04180571944757139
0.028888667899150122
0.09183669535467276
0.4517696974005667
0.4763452914501701
0.21048968333859452
0.5642323787266196
0.498008156829146
0.4931127535296508
0.31596031942141345
0.5899009525759485
0.4571409368230439
0.24723255998944715
0.5012064353304712
0.6024619881004634
0.5184543514870297
0.15053751827361617
0.9427278184677905
0.7073138008097709
0.9401304504448014
0.6577255965360551
0.7513581596733205
0.7754269752356169
0.3478615404006986
0.2871197535900941
0.7718452200982844
0.7115345276984
0.7315181061427498
0.4206314412618878
0.45664090942941615
0.6164567443589
0.3087360677929192
0.7646219406739699
0.10385531747716703
0.8020127527203706
0.0669956626432473
0.5704803910304302
0.31686983051498374
0.9488723566476559
0.3715836205508172
0.09157287635357336
0.2374602971467613
0.6217591384033861
0.3474539417141139
0.1321128252653846
0.7085340285887586
0.004360465383941969
0.4072989763859496
0.4212152708793274
0.5145189207069057
0.7485252543714773
0.04449798693244178
0.6221367663042792
0.08444834551661828
0.09592325422467751
0.7958611106667081
0.6421436469583885
0.5141086893671412
0.1726932735727833
0.4553568780805939
0.6746356882794954
0.23682289401323642
0.8378022407736465
0.31956660292446626
0.7951659795607388
0.831302741736283
0.10293940319594785
0.05145986952720172
0.5960963706425213
0.4455110124803433
0.5296116651737857
0.08003276499454659
0.7127798418934501
0.40255500145632916
0.8925905006358372
0.21874703167402043
0.13821278045368446
0.22184995874261715
0.18049756771409875
0.5396360084131826
0.8083675569299258
0.2929498533799805
0.5497720186709155
0.49036553127505256
0.07740808396198273
0.1333917809734637
0.5505527414034825
0.527851632761655
0.18697238022455953
0.5221674157883588
0.8318265063993762
0.8352235718292591
0.24873544980546636
0.1871401163143377
0.34447542121104413
0.891499334975176
0.2886743580282407
0.1664797917981351
0.736969347118274
0.5816689025465318
0.2729548013479849
0.20891239104963066
0.6614702085990841
0.6000890281201233
0.05643166215452433
0.3161906767405729
0.1418405659091022
0.13399632352207258
0.6821983660544997
0.8379365426818387
0.7368364946541278
0.9714939671004482
0.1027541502960837
0.9108204085073367
0.3161042360116021
0.2197581082322857
0.05135645727281268
0.2668089209913014
0.9292497149926641
0.2608575852517159
0.47412819016432506
0.8555994114224812
0.19324361173235183
0.28326077516587933
0.4138895985439741
0.9441074483348622
0.5909506303070108
0.915724077899068
0.9425063006404691
0.8721581205216827
0.13697075414300197
0.8608466686390265
0.27382109218596895
0.575405030285035
0.2564523963671984
0.5614730468566069
0.06453842101350415
0.558708770193367
0.5755525102785792
0.5834446353475868
0.4328815868152065
0.5624879327429846
0.36493855392953567
0.05365470155667185
0.9436179576452693
0.9182812545612737
0.5097377937936932
0.6563503361232768
0.6156382572844573
0.04188764533317102
0.3063054318350823
0.2858778698612715
0.9668005008535678
0.49443109566384724
0.08002360362014238
0.5307986597800906
0.082668925982186
0.24562277827703283
0.42783620913616216
0.32816273355831105
0.39787935459945023
0.9014206539625154
0.40310247597936844
0.9330041929986908
0.829124110307306
0.08737150353676981
0.015974140374441448
0.3582338124188952
0.25917300961723666
0.48420003145211155
0.5018740771331273
0.6756859655722991
0.1507313216066406
0.1433483980397553
0.35995090469212754
0.5503721277926342
0.6704925098416981
0.10261769062999215
0.9228405082153406
0.18112437895890576
0.6130778403510121
0.5437299784053136
0.0008825896472559602
0.8603293436057502
0.2731400450745137
0.004862275778826142
0.7292745953977181
0.14803354643717503
0.6331710045609222
0.8315699567383857
0.037083984535412284
0.22936798712262763
0.25640765789498576
0.27565107969505365
0.28831155026474753
0.9640701783255584
0.7651248910171828
0.7731225127935992
0.9623033877520981
0.7307131140894719
0.259196394034367
0.3452425620668772
0.26488268353755107
0.5074410198405729
0.9522591337768922
0.19366738472836675
0.7586301703941551
0.6597463818163328
0.9999984061259809
0.2560672309533024
0.24539752831777817
0.4144847137623686
0.9889881704097887
0.5224191233699885
0.3425744060056247
0.7271254761266475
0.5661836724231937
0.3938107699892689
0.7357362204140316
0.8368077809589832
0.8215104299535168
0.6263864195243095
0.023368985874641646
0.46746182437938544
0.8424180302351046
0.8274806096012048
0.12772044676780325
0.5818599712314353
0.10341606212841248
0.42184941949764554
0.5142095945893415
0.8628263989913587
0.09301628120985383
0.6458122363770789
0.301316829927439
0.18991935304620955
0.004951358957244079
0.27793602243479587
0.4794026479191462
0.21851274358666994
0.7729644688156995
0.9223644944810344
0.20001223316550154
0.012617384967626544
0.5342206501845738
0.6323477904416652
0.9748133440878778
0.19531460926941913
0.46680060241362364
0.6980726407295053
0.2852317954916025
0.7791834138793005
0.9241649474919141
0.2134573945066548
0.2920078842516114
0.8163758348733673
0.30330548722802697
0.9699167095490159
0.5018308835958127
0.45160541291293477
0.9892508924949113
0.824552466553464
0.5200413532414868
0.738235778040536
0.27673934105254594
0.5232096393575978
0.7444162077263653
0.7629297531680056
0.7570965426997202
0.8178712446425136
0.1831213585421455
0.8101452912177176
0.23442842924211083
0.30300611395920063
0.5835724976791956
0.4367464376355966
0.3995857492891902
0.03653937899658766
0.2683790397614797
0.8558356525998295
0.24500784411457444
0.8489004090310481
0.6563713718932702
0.551132959372834
0.4778817908846946
0.9692854833291956
0.8965999057264289
0.25269044310236166
0.9663680921361125
0.7439358974450845
0.9546339518803266
0.5891348379090995
0.6289896634737936
0.4143696415003949
0.17975796789852183
0.2618483280144559
0.2075238478483269
0.964034354343494
0.812273033729287
0.8165432957648052
0.20123740242402977
0.020368692615507555
0.8256806002123007
0.1960327350188783
0.5870178086013347
0.6615957358028731
0.8770879155658491
0.56938292989941
0.8727228851352343
0.6644780817451925
0.1478014141857228
0.7954033182817188
0.8540950644896024
0.8966506238664645
0.9615111075538626
0.1891418476130784
0.904168132244256
0.1762954895774873
0.0235264687823743
0.16836866259043481
0.28604605554205276
0.41909280229447365
0.7778445024047572
0.19329527938574098
0.103154835205582
0.8903346830054458
0.9858729998172382
0.10413079120659208
0.8813042907989387
0.8510470027625244
0.1573206857760191
0.9853504539659372
0.48783230270855826
0.19458570378224505
0.6749356825762808
0.29885234571738006
0.49111504298847597
0.8372840375238257
0.12156523541181141
0.11807668503955138
0.15970692488294458
0.04220244019162733
0.39052298543251185
0.19300171514654962
0.3687990069041327
0.14486677509177737
0.5848872492507261
0.9170091211465943
0.5397324768248559
0.6438520060930754
0.7342800685416501
0.1652906496108978
0.14466488735320193
0.6144557104969239
0.44268793875582635
0.22554615955816004
0.5103679427706472
0.16349057933080047
0.2776168653831552
0.6027013594959209
0.7416982444362205
0.45051207064867205
0.6501070708598187
0.5110847508611175
0.3232259211362307
0.11245986367038863
0.6209452097181698
0.46694834111878813
0.8854383575257664
0.5388356147014832
0.5877627402706868
0.3670202172416841
0.5099972229719727
0.32760049270867253
0.9814664169990733
0.6183942182595986
0.5825039598841171
0.07171101995363449
0.47648045516357485
0.23889508764936285
0.44941293148361294
0.7973716078879853
0.6644425581594209
0.003533005802927036
0.19336129590215734
0.4333697036221291
0.28648162027573776
0.6645902086518638
0.193185797044514
0.5149445949649144
0.026986269801446694
0.7711976254108902
0.36185726664671436
0.539274292195724
0.7786929702835619
0.17249527135930476
0.8166420125753402
0.10689177016168327
0.7621723151968455
0.8870725632955775
0.6481037084729715
0.9471812399001529
0.8025052780812267
0.6264732083660635
0.21675427968885308
0.47788498817108516
0.1027902050402758
0.06296059246383434
0.27029047002688544
0.924891641575601
0.9145555331369553
0.24937793277706144
0.7706534725571174
0.3693630890439573
0.34654960442843485
0.5181742582533102
0.15615230650090006
0.8874039444913209
0.9452364551172006
0.8988240818680049
0.8317315396106816
