0.555125803660531
0.2679437866056301
0.7828806996607532
0.5652713805928966
0.641864200586651
0.1578708389013428
0.505558968319772
0.3643593655021058
0.6645050781352722
0.8401641619351826
0.8363317538060658
0.6815253910787259
0.8751223125233955
0.7036428945552994
0.2993579997059036
0.8232976157327874
0.12001282810551206
0.657515760217225
0.19837597559255282
0.7991300461754819
0.3651052379161239
0.02256879475085427
0.4058874981713466
0.39367669016774387
0.4119266300429548
0.379844539131192
0.42801530582158076
0.6058823136704758
0.7614185908239686
0.29950552164142696
0.24915052626764644
0.5058539160241883
0.1935992286371485
0.059290244896542776
0.24195109779391089
0.12881477689715748
0.42969606724169285
0.7428529655968992
0.2635648382482395
0.8352677589309728
0.6686521710577354
0.5941432827365023
0.5405182625313859
0.8202005806021813
0.8140819167883345
0.06556531998709636
0.9739861464574585
0.5641345347815132
0.7376179303147331
0.767492089267573
0.27627010365786386
0.17860821525246362
0.07556718428730547
0.9138336278746597
0.21233533730269805
0.8256828434896939
0.828667976612563
0.57666264682345
0.08383172808874473
0.07387151891685173
0.36912041386271666
0.3321522531926746
0.7563868487421878
0.9527923692403126
0.48595678851020985
0.8791891316900174
0.20194916523856143
0.28230160444485264
0.2524300651015302
0.369883925317806
0.7214849754225645
0.20286571250080188
0.16718425059091668
0.6054246401386433
0.5027286812690852
0.08088887040307857
0.20203454612994487
0.36193173678319024
0.6999554325641468
0.5866110609944316
0.3256614779089938
0.5594838665125529
0.5394220359078028
0.632488573219787
0.03452302128765572
0.9651340593302893
0.42087916095207023
0.34632180844238136
0.7155143955106394
0.08862193026071097
0.08145875849687156
0.6578423411337306
0.3016303440491058
0.06915593719952029
0.6399660845964943
0.6874666813194958
0.19747721244864258
0.018153981251201157
0.5510149417406909
0.31884821413073683
0.436279268195639
0.19086202756048642
0.31103677431636056
0.0807494645610225
0.8622823346984946
0.5204073381775502
0.6761443070625432
0.9893434213066246
0.6233412260495709
0.34583296823722165
0.15547389257695166
0.19624176413237548
0.5675535703417527
0.033506885709757794
0.9181766191570084
0.9604418075451366
0.317214944195237
0.5847361081265346
0.20388095557654262
0.5181172386785955
0.3715194259394653
0.6111839393610647
0.3861895889547575
0.26592627143050085
0.2897620654330475
0.8198385465461723
0.6158338115257119
0.2757969907520391
0.6348004946995921
0.0320870086969155
0.7015754061147151
0.016537380564932924
0.2058753601929123
0.9845661890172134
0.5123447010816162
0.08069195343328917
0.5624385128120343
0.9534501694697037
0.2980473630521403
0.66899067833401
0.34728048040099035
0.04276875266510882
0.46009416141155324
0.5216929720409847
0.44255579648540877
0.04032540415144137
0.3226698111383577
0.14062440489138683
0.5904840264061009
0.6971365009672995
0.4093633916533389
0.2169323900727198
0.9516305393378856
0.0028365649605630594
0.023463034449241915
0.5800538533167767
0.9748805927569559
0.18445311455970625
0.07455785086556677
0.40527242281217113
0.6775049628891452
0.9074575378832304
0.2272935507673588
0.3037252679197555
0.2520035119269217
0.12391871946483723
0.18818004424212587
0.24563346587445212
0.6987773463090745
0.7270172730784036
0.41052510375821116
0.6525368971080208
0.4080152264345823
0.8246541251782084
0.8723711558827172
0.41851535634625414
0.5074205522001608
0.18906837965356005
0.15776722276355004
0.9305632449177847
0.35047155181850875
0.22643011856317652
0.7272586790844454
0.7978775273307366
0.5498004586900489
0.7588906066550861
0.6537074056312091
0.7487650006071708
0.18986625796961276
0.18450162805489467
0.684862711960353
0.4818468867646497
0.07872676336074425
0.027734219589979126
0.1634208240928381
0.6327857805951813
0.2648829872014504
0.8016829479388261
0.09633173414427831
0.03645029889990492
0.017819295776887678
0.12238919386962954
0.5201800157481318
0.3987921405192185
0.2549216476931362
0.4590601885893276
0.09210509774783149
0.26029777309113
0.7604677163200413
0.7439695015051223
0.8559409726816578
0.668990334213925
0.5524073462154346
0.7187130991085102
0.2102303812202979
0.5842939411518606
0.6545996963779489
0.3484731657358273
0.9947552609902319
0.5781276060689734
0.6218401392358349
0.35493871724499637
0.7355684161147955
0.5405422236957064
0.30116713631919134
0.2414676799019222
0.7924093453390495
0.4718875445815641
0.8105248703259458
0.3755860151447634
0.557292909234233
0.8358515047342995
0.9086354971960985
0.737255028606637
0.6766248292843723
0.012114719674470975
0.6115881534504805
0.6673925090536011
0.4923562763538024
0.5333188355398282
0.7945410190051895
0.19465988276973434
0.34033825812770024
0.764555490173951
0.7483796653900026
0.3518523974536911
0.23007122448549988
0.6950363990239914
0.1618605888141763
0.9754615869591121
0.8393010203899149
0.03727232042942541
0.022102411941630762
0.35933370805571285
0.019801015225136553
0.4282183987694145
0.09000215917603083
0.7652847895831499
0.014299112540375636
0.8940626589381879
0.019405708033090496
0.8930645129122539
0.2694826949696516
0.23520448526723403
0.40942073172896165
0.034111357424582045
0.7284234717722575
0.36957703608530357
0.6537373050771607
0.32381138589669944
0.44346035534854045
0.4142899628137172
0.599392250229338
0.6263816771847436
0.9714166335344502
0.1721030317898259
0.3430568003764506
0.47631207102035866
0.17052771080754991
0.02897684686313784
0.420787223549008
0.6723054438221769
0.5474007337962499
0.5456547905272232
0.10269382444084663
0.8642873544495572
0.2718201676665737
0.49579486344632606
0.8685790253921953
0.3976172034764526
0.08173706415419224
0.05251804791747838
0.8083900761203292
0.17465564553293655
0.513095506735568
0.5792204060878513
0.7905411683593331
0.739517540795611
0.9798397750633454
0.7483324801500655
0.5770740365521443
0.4424942959132562
0.45116204051733133
0.8576928395140572
0.6614285882995965
0.06741903517643855
0.5267469113674695
0.45648608065305885
0.1772410801787706
0.19865974227452154
0.8580668910555032
0.5531543928838594
0.6096862390848323
0.1814445740725018
0.6627726494309442
0.20810434172804737
0.06546921988008458
0.35060282432751944
0.44303285585766705
0.0045246909904668176
0.13875121287222614
0.07538135579654304
0.2911403276696737
0.3508241558377053
0.7645988136957129
0.8066684862617142
0.5006224262507635
0.10443917777537559
0.04356074722142367
0.048018539135408767
0.0564026522652713
0.2359022888847756
0.35559194613821554
0.5742045867065896
0.7018871989271424
0.9374963870789115
0.6783973996427898
0.7419404374530458
0.014180582691295296
0.8431547187357602
0.016862945780304672
0.13025587188585752
0.18341547093340704
0.4113798489642613
0.8606526998885795
0.3918476901134289
0.4490534898515327
0.6141099381445628
0.9005136318416258
0.0253921529716441
0.3287970592898599
0.4241342978763346
0.0215293679711398
0.22743906130267644
0.36011659007719377
0.7024091922418767
0.9103622451823172
0.35197598184776835
0.06633902209448017
0.3655819504395442
0.9372991367686637
0.7007404987441245
0.6145441682607772
0.3130687649866568
0.6823574373103268
0.9133866131232602
0.557335179353566
0.17771638409017088
0.6751165296771063
0.782382390492474
0.25354422858789627
0.07839145221637822
0.0035434904431146386
0.7936989186749687
0.13899712284938193
0.6335947329201153
0.3031675457735096
0.24054354293892488
0.011862123415200432
0.864299966023505
0.9242435589149754
0.9593954781456351
0.9402198178307083
0.8830706845014824
0.22336573395866222
0.4502012855943974
0.5866520255080664
0.4648817042972372
0.8576630053811948
0.5386013322257853
0.19765128708593616
0.5841980811719626
0.9621703581558233
0.9055005370456356
0.19051486934289408
0.6225090559891892
0.15917900322304168
0.9325441619791103
0.25916224694221157
0.1789752858278678
0.6926621567168371
0.9714002172163155
0.838740789482986
0.7266767434375018
0.43429173145355493
0.9714077817119043
0.5662328128631766
0.40086610501560116
0.9095926309349927
0.4971474023355932
0.6409479879028362
0.8442897490011623
0.7010768443907534
0.04953280961729023
0.8177893806697112
0.2542024994908543
0.8636946485874165
0.9276958969975878
0.7792158324772582
0.4903346570059488
0.24138128708714268
0.029539372621252058
0.44297358449840785
0.7158001574484737
0.08961603149447972
0.7166896103323268
0.8048518342652372
0.5110532130113767
0.5242233253569305
0.5404142479838837
0.3451717702163444
0.002762557694224621
0.3034990547265979
0.6502351668566081
0.5118010335273008
0.33815090010446325
0.07676136637369047
0.8730387566332327
0.0005771974078117026
0.6702234409848726
0.8690859348327994
0.30333324225761826
0.8993128174982712
0.873008812469207
0.573405648784791
0.11464447548840406
0.9872659184173378
0.5348249600370303
0.22761603800275876
0.7748442109239663
0.8414284480034945
0.1998961076218796
0.5322649788221764
0.8788453830069984
0.9706362801885575
0.49217722450792156
0.2881693745131634
0.7824458637835315
0.47293438122788134
0.9436986589206812
0.6904385741796645
0.6506168077527023
0.35311056073677083
0.5011899835227028
0.04330080724576546
0.2516033336318767
0.1183022685436117
0.11705361325183317
0.3996834980732581
0.11745649266208258
0.7966742855565558
0.3181625339405014
0.5181560378024292
0.38799627575995344
0.5200014767871465
0.6109955852325751
0.06332095377331293
0.6570305587829097
0.16902522588755386
0.8008870700721086
0.6223687993050945
0.7309983163093676
0.43276145244467457
0.6908585269717227
0.530782484471392
0.22186909187687154
0.7267129261416561
0.6849799369570737
0.6967053405358731
0.6395571234754648
0.2784391100512561
0.47824181445638725
0.6525889853195648
0.019773255515180277
0.6182163947779485
0.953110391531143
0.23235099603382592
0.47570859710352653
0.28867317442583385
0.8897381567723118
0.702270269074231
0.6807973389717591
0.5253105164363787
0.43190181836439756
0.134067657902475
0.7610777686218408
0.6890483524708432
0.8579596119041811
0.3175990071081789
0.830622023704307
0.07309460427613224
0.4946417526796191
0.010045879283659853
0.47713748470192807
0.6968365091650065
0.5303122782084523
0.28902742483592914
0.5678577176748312
0.5388525955086086
0.07812253722706985
0.9019612081796784
0.86983802656863
0.2420863910802863
0.31534844252978256
0.9902452638402717
0.23162364371861965
0.6799923202287608
0.9631545158197139
0.07538595113496427
0.7888228337045555
0.6661126282861822
0.21695705378468344
0.029005085784932327
0.6065035810143782
0.6388503025378655
0.22899450223300288
0.4403722719411216
0.5465472454041371
0.9092011456056778
0.8677982012695963
0.5829211332425157
0.8259195144964792
0.8364278627192865
0.35717779369100655
0.45455785363924184
0.5145998340557444
0.7578241412824918
0.4339705858143683
0.7575156125980987
0.7525179001582877
0.0451446769540067
0.4483001541939592
0.8372798766150125
0.02584993749187159
0.6309348453383878
0.9896123767285155
0.6671162150551536
0.5903611981849163
0.17967628843938876
0.6919158567946402
0.822662538496612
0.24022689250629137
0.5068666653330874
0.1629271387636151
0.8416470542402457
0.42709974815413854
0.7704535490768808
0.15906068238548132
0.13674365672573452
0.6628360358264729
0.796017776076011
0.14661487476790835
0.5055214014199354
0.04792692058583781
0.5753403882788836
0.4436398209483503
0.8809196200627882
0.6869939547857136
0.31128617283141624
0.8461554532605462
0.08628797599827231
0.6188003017294652
0.5596189675561856
0.2556846060740864
0.8172515851340163
0.2834174201254511
0.8798169715040337
0.5266057009762428
0.36162761816253897
0.4921938267943762
0.1374475443257014
0.714021557630267
0.9692774838978436
0.5461332622688807
0.5388095296377313
0.026717877877162732
0.06925955435596742
0.9910829105726511
0.710835857753325
0.5857760902285382
0.23881765722794224
0.003383071766347112
0.4009270380630898
0.4303188072808829
0.7349142960582554
0.9004249931847329
0.549367935366517
0.973247676442678
0.155443462186022
0.13070153873942558
0.8811554373588344
0.3620549297246971
0.7820656049418082
0.32063837680744833
0.6021475678821394
0.44285845517226885
0.683531035458864
0.944745184944549
0.04495170962787309
0.11138696650885682
0.32429801131106817
0.7639721312085072
0.25539494583448896
0.00835125229201239
0.48270786257025655
0.35751526583416426
0.2918806103946797
0.029520506475699704
0.5603659480082721
0.8955030968523424
0.13416867649472164
0.8583007990108582
0.27279658776133686
0.06439855781603843
0.8423625377919746
0.43117821339518403
0.39075330787265095
0.484069261287433
0.044946234934195806
0.1932865261117762
0.14323492311325958
0.43143365325018646
0.20884051124843506
0.2101450487826586
0.7362161875878606
0.8749121133002976
0.0405079670288061
0.5861331988270302
0.8542293284092634
0.8512437274242096
0.9967675321238023
0.03617638930008993
0.08626940712545106
0.5166703617102228
0.27581784202387816
0.5394406408060375
0.43766565824137127
0.9453071176127161
0.7358273204630493
0.5082751531957742
0.9139357203979154
0.3951720139500282
0.9332846069843828
0.7631413179939752
0.3311611661765401
0.23967499937435532
0.4178506679074313
0.5762269520256647
0.8599301455080892
0.2943599003938553
0.2501067159567645
0.6720865586790257
0.3557208902249832
0.23470918308495925
0.7973065453244539
0.4140870965937756
0.901534503047686
0.26853956659833356
0.8932477322774414
0.007230172180957561
0.35262122815186725
0.5112631597943831
0.20069282810990208
0.8183210599182429
0.90575021681067
0.29140148492837437
0.17665964632963105
0.8996686204221279
0.8357029051969423
0.6658856642304716
0.613133024449736
0.5626017868234139
0.6422119846892966
0.5924479417344346
0.15422783145405283
0.44783962443140246
0.822843349287779
0.06596091937763027
0.19814398543056655
0.588232209010827
0.21372407785221248
0.2992242578389047
0.3686911294651377
0.1272265305281881
0.5541598016641078
0.7861616748675834
0.008390922616349328
0.9629697700943617
0.9602004431535289
0.8375351377490109
0.3697452292126121
0.2665800302853827
0.5657879467268029
0.9943444464436294
0.10070331923063736
0.8023701898196745
0.8339584698182196
0.6134758450407289
0.4266948833080534
0.9837632709980174
0.1289324780723593
0.7330887804756538
0.9722610151711121
0.7543492082942009
0.6431336075121511
0.7621058645276693
0.36173463354758606
0.23188717198398556
0.22580397589287726
0.0025381589901853907
0.2605048711388863
0.8067813860647669
0.4346999504732909
0.4667105149409194
0.5385558223754364
0.9179549001870697
0.1904983192021742
0.6058249096314603
0.6032918973878902
0.11182979249564595
0.24579532739473886
0.6865889200878451
0.8331764218366705
0.30251061333878504
0.7094520706357821
0.2223181667484061
0.35858349779796184
0.8922809285424638
0.510090963823225
0.9498661238556918
0.7193978613984873
0.4862111404814634
0.6488836176855876
0.34434611780472457
0.8672140423835151
0.4685514292506259
0.1808626685852417
0.3788707331492601
0.4683186658948607
0.8264103813139088
0.25588044359024786
0.7061517507211653
0.8173779325537841
0.9011279775913463
0.7761719879291717
0.34406228834087826
0.2010209679665207
0.9768533028141052
0.2779333409527758
0.46552322050412254
0.3072307294781227
0.6119948912261322
0.37378094850956445
0.11920909692479786
0.3603826279468031
0.09214654951514889
0.6062654377162534
0.7223293067628695
0.23190314519981525
0.9343997818375825
0.31792969626010026
0.9999034274121879
0.9646990115659018
0.021002812518201464
0.6857670382290173
0.826146842530762
0.7453655014127638
0.7606668734713644
0.13055512283991377
0.9636258770463733
0.06779294496990151
0.8330525157107556
0.8521148698272976
0.7356944985253466
0.7833695555809707
0.14291918861810848
0.5952974747920958
0.9215121885539068
0.1681082963550108
0.990081987074891
0.09193094730136597
0.4869136946008056
0.7785537864253208
0.510971093115145
0.8182645005706588
0.506202000268619
0.6213463454417875
0.20289701233708046
0.9742584794215912
0.3069120368467291
0.491590338558067
0.12438696668585492
0.7526239909399943
0.2474984660883257
0.6831889900123742
0.8194160822518535
0.3889825842091843
0.6522616953339201
0.9727788507741311
0.34256971164112204
0.9500803714908109
0.5014139562498746
0.0717628447191535
0.9795324792110099
0.8810954929214598
0.16674171246512615
0.5801615654130712
0.4277623042326264
0.20658893237507803
0.11362773164907125
0.9152501607478346
0.7305882231678296
0.26835055329167634
0.1987258523764912
0.034145820854757925
0.2629093116335125
0.4669169252086117
0.7455024949000384
0.4747567141574901
0.6196557118094788
0.18374072947159237
0.9158036396020297
0.8896028070846882
0.09851746549787588
0.17835148893955854
0.8665330757417042
0.9253771723412051
0.801575642702819
0.974927633720401
0.951262004721337
0.6030924993844513
0.7804205778543843
0.8970486516980483
0.8268507661337183
0.4241561268475621
0.00912660296579948
0.31257439482102756
0.4643587993923949
0.934862464985611
0.2999105300355033
0.2007436427955247
0.787632672855422
0.13906645252956507
0.9654770775694717
0.6305702082950527
0.4874738784256285
0.5273227751159487
0.27188037091085526
0.37939981918691923
0.217906245468115
0.4656357735596345
0.6833052922602539
0.6420029384699836
0.05986357587574742
0.1634953196056328
0.8618308577179062
0.07061243695226382
0.6293577259528723
0.549660902981696
0.4259425926372449
0.6928933245981844
0.4327037163971419
0.10711959657838788
0.20221302087885296
0.3568836693646601
0.402354406794341
0.8789951533919779
0.5227405923449058
0.7646886728042009
0.5849778580630817
0.09080022722441328
0.5735788132397972
0.25050146351955704
0.9524463511394059
0.16750719009138582
0.046596260492598573
0.5427091366355024
0.7117727307264696
0.3760341814525454
0.4020407900994686
0.5571661455324667
0.43941521929758065
0.8362456130648985
0.28142512087854454
0.12234685564694903
0.17323032640412772
0.7792468961719241
0.1560971028911171
0.6067543811410322
0.10035029201056578
0.4669310565786249
0.882186040225255
0.4878518186831008
0.05510300445991512
0.26343406469470887
0.9726613547966304
0.9529033393136539
0.8703732475728251
0.9823702712435275
0.1229133791120467
0.3736729829704092
0.7647003546994593
0.13068207141068433
0.6707116755121838
0.8580203883451537
0.7760301717988204
0.6882989393420982
0.17967249851522926
0.5986189047500825
0.14728001834473037
0.044409681136093226
0.6898815666941096
0.9014835620083929
0.19257560962302267
0.20414308930057257
0.34711896816823207
0.5944326190978676
0.7239638594863943
0.39068716104603063
0.037288317948054095
0.747307193772518
0.8689416989936645
0.12419711503584241
0.9377027640180347
0.9510805283798476
0.487773754576698
0.1605949265044878
0.046322903865358755
0.10717693924415317
0.3580530433229132
0.4963000152310396
0.5026135766988603
0.6332043456011228
0.7224597316559954
0.706810480681193
0.7954587541897528
0.6565206728052564
0.2001995258814231
0.09345108952510828
0.8843845144737792
0.08957264232364892
0.8622370550552192
0.25541395588832705
0.2549385802323261
0.7960172094563335
0.9931680792159481
0.14665600957698532
0.3496289166773262
0.9921424288956316
0.18368002215337864
0.4503374025032574
0.7647051915601194
0.075501407013152
0.2951451208080238
0.9588739540996807
0.37362289858892217
0.7177044722578945
0.04009186733436032
0.2087764059932835
0.4458496224054155
0.7063131475645045
0.709745078762668
0.8604235199089127
0.7627490216470321
0.4532134969383149
0.38047460489380824
0.09456350270783498
0.40871548608759833
0.14532859748418503
0.7781959001566726
0.4019832158178761
0.3733521992931025
0.22206467680446718
0.8924705850345377
0.46436307888249506
0.9058573719508365
0.5143860028261044
0.06948420019634005
0.7647613057144634
0.9965045753055111
0.3815039355295826
0.25277796586700607
0.09392293227151294
0.11835945495958011
0.023663358846221283
0.09837014358705731
0.4362189516992103
0.9397804934219277
0.8593780243776574
0.2787139188197809
0.7132997663468283
0.8974571681558718
0.4318774211234919
0.21317123935929572
0.32752210907797485
0.23897377342755033
0.37891303115688013
0.019249011676833905
0.5098426630889341
0.74744880364584
0.2679728891232116
0.6999619135164779
0.9216567441082454
0.8015395335045828
0.8940585421232223
0.9549242700518026
0.4529293576231326
0.6192411844926429
0.7874125941985647
0.8234810452786394
0.27191142621643216
0.439501785297989
0.7534593326583459
0.29981189519600504
0.3102702511427412
0.8710127646886143
0.24701035108414515
0.15431156451896189
0.7163955462922528
0.2250824578400874
0.7301773402636765
0.6381386539026103
0.14199899701437813
0.9743867548955731
0.4777729003495722
0.9984044453775255
0.3030144180517398
0.5750387605775366
0.8351559436166296
0.27420680037855083
0.953035731577586
0.13776431541966716
0.9122623708584784
0.35057173285172405
0.4947781977873117
0.6679444628497733
0.4215900239260234
0.023802243195524597
0.03685361372936058
0.2011282941796515
0.6887939881762996
0.4988131841950333
0.672947494786143
0.4257027379734699
0.4871997886723983
0.5564729639678191
0.5193998858782057
0.5834793671806052
0.49071883883571077
0.34555312903008395
0.2338100901252108
0.7139365724496299
0.3268430521788711
0.06522771685694839
0.8376734269958263
0.20867237117880777
0.8862293649977906
0.5880078814022921
0.5464362672006331
0.05255253249030589
0.8469375657409645
0.8298378598765468
0.20218062553462834
0.1410801070175628
0.04346980917912546
0.4857675549643372
0.7219083586150608
0.8882629696022123
0.7528731730444228
0.3624462744102045
0.8440480621712345
0.02279319012890957
0.6546342849370747
0.2659834871962601
0.4718042594442442
0.7997024891261961
0.9490034317718189
0.12210168745817496
0.7261238438248306
0.27530471998361294
0.25580819277303013
0.4437906373227497
0.2561788316608786
0.7955086474849996
0.8779977573683365
0.9277385122317624
0.9115860368224777
0.5462982249230243
0.5201007387197596
0.4421323713786336
0.14299858509055463
0.3235047183770845
0.8144354318219972
0.6289739193580767
0.6029521264477586
0.5395991692579933
0.9415315796160266
0.4903548473576631
0.3095089769892768
0.60326302689631
0.07471415008892601
0.6235576279009077
0.7377161583859607
0.35770790339219205
0.5093933758228189
0.13628652620823234
0.5774436093372511
0.48325397406897064
0.8987128013109121
0.5094590725611308
0.7709897264865516
0.42721946906721886
0.36709130861910366
0.24707211481149383
0.6155570424960711
0.15480736217960522
0.5872041807555035
0.8482823290350687
0.7019973384881892
0.6359949689589789
0.9023948771006952
0.10904907300021027
0.46870967569776256
0.4804296222267138
0.5452384300453009
0.2193326116948786
0.37183308479433275
0.4851972953314706
0.505672818462544
0.99392268071555
0.6621173318323155
0.24582467719509238
0.5225282194244835
0.05174253762393788
0.2621129276435782
0.30709931135150514
0.5600960213838007
0.6621693120679318
0.4802466161114206
0.10658416674944415
0.6509545661951243
0.17298116439240252
0.41778297635539763
0.21575991729150812
0.286008814504744
0.756477255468219
0.439357409293621
0.3474502728586627
0.6357995216822391
0.5947525201190861
0.25033315817378443
0.4835486033443449
0.3219670964289768
0.24302710099850056
0.2433763786750598
0.1163598353020826
0.046891152405943326
0.8227554773437907
0.15682800800754915
0.18108386352416084
0.106877415731781
0.2173680375684094
0.6431646745171736
0.6775969972759273
0.9647491158771748
0.7997208514788454
0.3246659748727798
0.5816883482310841
0.07992394301170336
0.6260325219206648
0.21565210008195979
0.6146947889919202
0.6072293005605727
0.5364528205227689
0.8179364185055216
0.3893512642878586
0.9816075005038819
0.01827554849085644
0.5116992359863322
0.2588450670647422
0.5699996435848091
0.4692936491551394
0.5129897290654809
0.3876609283085727
0.838244550001602
0.5131176405409348
0.8965255788148226
0.15356603715686157
0.38367717916225086
0.9744961342734355
0.07966783567407765
0.13335243967389432
0.901343215799595
0.14890108472448615
0.2406737578231769
0.5365194051117644
0.0508000472500858
0.9989149981771733
0.16980311599218312
0.08709089530280656
0.3011427699420325
0.7651267310047932
0.6711737999235579
0.3207839796597898
0.4630165756211303
0.9568736229550628
0.3526587637368239
0.22428104197856324
0.49050947934102707
0.5764846618020847
0.6891481487496133
0.3876055689711655
0.1737095080647615
0.4368214731367941
0.29513877919378617
0.5450535035045077
0.8235652063861775
0.9972811898348686
0.3061521704473431
0.4218625628099206
0.1436007701595331
0.9554964577294147
0.24708264741546437
0.7328354408016436
0.6653182547666793
0.19487898366202572
0.2435135370819832
0.9375460120272314
0.568759837307956
0.07328650639609735
0.2888928996932256
0.884461077303361
0.2651999103341778
0.87253863089152
0.39141214282704084
0.4474646086654399
0.3174838234196965
0.9022374704457687
0.7083205651002127
0.48107599148028435
0.3766939862329187
0.15682813098211523
0.22663936433102372
0.11350760173962349
0.5765612936929488
0.06686011240582479
0.9317498068443119
0.0005440541205454785
0.954518667252168
0.4022670375027595
0.7529947248568344
0.15362071941629696
0.45187872680823316
0.4445894981449816
0.009250232440291217
0.9987816006288139
0.04448752389416599
0.14541115083083522
0.6228108913151797
0.31083029867124856
0.32123850977696244
0.04925935698408046
0.11892017504333374
0.5771727387784324
0.35781912966342855
0.2841697101867786
0.7148023080142687
0.5096505482364169
0.5208248755772156
0.7143791679366712
0.9983882111568888
0.14863931443628275
0.13874041817211002
0.22776774044349246
0.3084552992315611
0.18156436477035598
0.5290938932379844
0.9984444537387549
0.23587889616330115
0.8101264847868637
0.2359734827795087
0.4812622308797835
0.10335451927437966
0.6109113623762157
0.8486201592153134
0.6032960726083006
0.22539705176943048
0.9461054054113754
0.8747231128360329
0.5451249763039593
0.802499389053917
0.6241355318864842
0.5715900375988188
0.13073352613689582
0.06138156152488816
0.9965631164038978
0.16768539087323275
0.9824374703463387
0.2031884632618992
0.21766818703066104
0.9824625370032194
0.3923304349872946
0.9334349138630235
0.5593656268488911
0.8521503464400508
0.9907756001024101
0.14169544254215638
0.2523797983738628
0.6257528018609443
0.633735361559441
0.013856425258275351
0.9923646981934623
0.12128914574006577
0.017726829097371888
0.7953994922290296
0.09102968278265866
0.0071809878027421226
0.2514261268491276
0.7467160122455501
0.4543599893421113
0.4541272147204132
0.47466286085008313
0.6437812024232826
0.08627586988633018
0.17918794272369576
0.2590446390776221
0.8186831402190273
0.08392970516942189
0.5470984182691958
0.8858658242107371
0.46140007338047007
0.44233206207268805
0.4053794853937551
0.8842708655748663
0.973474996976781
0.7435233104506792
0.8459276573093445
0.6360303050702435
0.27612821346484007
0.5237974336262494
0.40612110805812374
0.5089903598856367
0.7205035482111403
0.32387897473515825
0.0030615539177630824
0.9069226444559788
0.6789063834258531
0.5577194714444692
0.7312727716669941
0.6164539613525581
0.5867114503283121
0.055135091263834424
0.27784988918487696
0.6237007227259888
0.6593188484291882
0.13060736721672794
0.6328227992350391
0.5150484762527338
0.7221011230249104
0.8590873650538092
0.38269978461400744
0.5230256762723746
0.6534011072810545
0.2477509055124234
0.699908844435112
0.2608803372886397
0.24795179999869033
0.30019116619049446
0.9655956353783615
0.6182389048391631
0.20324428189130106
0.4643578885295706
0.8412563079729691
0.9772713333770252
0.5614324214398686
0.14857054974552197
0.10306691143230662
0.10811787069037049
0.1593967324386686
0.3765021734082845
0.8166857335701112
0.34888830943260696
0.641774169574648
0.8333326781315588
0.7199541483512404
0.5187370610468482
0.6062575694332246
0.020765168104789455
0.7458916623204828
0.5720434843152652
0.8612249032592577
0.615201582285475
0.8101861944787879
0.0047871693646975855
0.4325576937942467
0.3707074808352917
0.3407411056437465
0.7523642514816468
0.552264958428724
0.5623280760251343
0.1996702965224192
0.11047660510670698
0.19996824857582107
0.40981498590322674
0.8811206780904726
0.049423846002607075
0.8409351050853237
0.6276628957292925
0.19433075246242948
0.4672259628090335
0.9679154539875005
0.9276611557341493
0.4685819834493864
0.5666697030782278
0.24172058908478566
0.3482719916329845
0.43878451268702334
0.9155762401406002
0.8833436710321089
0.5754046425004895
0.699400294931959
0.8111898514369651
0.027065460315994883
0.7219664668164743
0.7439804732742779
0.47848030113681417
0.19287081140937068
0.18430601639737365
0.35976431911606943
0.9114509062935322
0.4340147508581942
0.6157792670408814
0.6162775752781072
0.15769947050568212
0.44245925972059086
0.5580979482238373
0.4324284742433704
0.21153438170079475
0.6582550165042709
0.29687989557734873
0.48556676679887023
0.2885589745416779
0.4112302885251742
0.4507788343842015
0.42461652337476796
0.3372326486677859
0.6342851918282705
0.647830385518495
0.852180257441332
0.31200334888993886
0.5964555809544945
0.27827583334556905
0.01646308202815483
0.9222423741483428
0.8656303971322674
0.04041658759996736
0.27503163104069617
0.11189599621880664
0.3238366477562947
0.011788477271876707
0.1326762697665621
0.18250349984155334
0.9988633661260177
0.529755095612352
0.08103049464961176
0.8149493309409201
0.9964489268205134
0.7181615749277627
0.19847325150551232
0.9653253500347391
0.7766396397409037
0.48766284271161564
0.7875731552740242
0.1407613803902551
0.9588295567724183
0.8966692598690035
0.09208599953387908
0.11922923811810549
0.6064972846512263
0.40663890701932925
0.612743704146909
0.5601419437476768
0.6578985438645246
0.8466704282861854
0.4075561547679529
0.3145092351783456
0.04612439578773564
0.589671487929519
0.3078111527163503
0.7087637796136234
0.39363378646259284
0.6275537242150657
0.1164567213177935
0.6743836129551795
0.5328595685211868
0.7069852052740353
0.29788616150394764
0.5853991344479945
0.8868737475495103
0.8762036146949629
0.5850512373519128
0.8996993075498908
0.15084550635597116
0.3820917683907292
0.2805182810027377
0.3624130215537221
0.8659509030471416
0.6923622068330071
0.9455731147415523
0.3476487234601494
0.16883695528732312
0.3419841315279385
0.42753297063303364
0.6956460598429695
0.6349008286654673
0.21191962099181605
0.8502427679467692
0.49399047096529314
0.6377450171164938
0.17228124729073035
0.5276605120283153
0.9888565216462248
0.8071193186746063
0.45835483336289906
0.6813244369125808
0.9692700905161814
0.999470403638965
0.23211751685818904
0.45616041056036316
0.9855622857760364
0.20687033562408885
0.050509652851783104
0.768210007367129
0.162452543439922
0.11990260298719702
0.5908877361697746
0.4993513365678707
0.2946112397992079
0.6430078058917369
0.07126071226695685
0.057339614595836474
0.1711375793508001
0.6707642821990092
0.6896562357312214
0.9023128709692395
0.5175410337666343
0.8100172545015634
0.3717904270638055
0.12135689373035452
0.9928011280024293
0.15361109942142437
0.1580262670316832
0.4850256243369331
0.19489523953350718
0.03621185725291709
0.49597891509709924
0.8908845545730668
0.7332744565917607
0.5563172647980018
0.8295772824120663
0.9886027168767892
0.7885702500437932
0.2582456750831925
0.874567754276982
0.17454363873961587
0.49386927976486117
0.2873363455821947
0.48946264343257906
0.015419230306959575
0.6970321532570866
0.5354439123366835
0.4077211384955032
0.38147079082377366
0.7159848838860935
0.8920531818709203
0.9095595529107926
0.8033652968050082
0.9424061262182353
0.6446811328333788
0.9244049429418242
0.10799313180478676
0.7023862170626965
0.020477290173382512
0.8294260552883934
0.27736985241337386
0.9260825286753607
0.1884140705658207
0.5404414406645857
0.6967347812149673
0.1398186657349082
0.1496148172478936
0.8644320769107597
0.8141103274965266
0.0931032573792081
0.2956826739786965
0.09088063069874186
0.7081851907912108
0.3172389183355484
0.8663798329284542
0.18186699419394947
0.09966224827423698
0.28701211829945594
0.7296590868001537
0.5787072991386777
0.6827030473450273
0.14430064819744792
0.9902026534115683
0.4249389545437644
0.14751999774114277
0.05722638336476671
0.7475435067007935
0.46724320395962504
0.8151096983135249
0.40773299457761014
0.03029594992040696
0.564932762754928
0.3428735440647619
0.06464533733300393
0.45891851064484135
0.06079813896564523
0.18119224545373114
0.4085674253413767
0.7182801684277886
0.24912501459619962
0.1594882560695018
0.4400083436146477
0.5256133877941999
0.2134018567783581
0.3606835871304376
0.13052835034099652
0.7251542966356079
0.12126682638654263
0.15631719340841443
0.3504580387255838
0.07449595389223673
0.6686436863604519
0.2713443197956549
0.557990040274568
0.34703441178570593
0.6549008258721937
0.12249464876228755
0.3901711439555864
0.31451183121275117
0.08811360156084314
0.7460082350020951
0.5323227924769005
0.21569555068518886
0.025742395354747538
0.42126873440047474
0.6968001932872047
0.03709118369593212
0.5827404823975052
0.012748401179335844
0.8709414107104443
0.4450390749355969
0.7272065335680928
0.9154638157789414
0.6091237976356212
0.21491024545017956
0.7278559249848081
0.42661306883296735
0.8141657463559341
0.34315032288789116
0.8736912218102594
0.3068782236081309
0.4601190788291539
0.3554292608779295
0.14455574426078288
0.04764708523102734
0.3861718256792095
0.07667172260650335
0.23878993109389002
0.9937823840175287
0.6898526181823139
0.007951949169579975
0.6374604215905764
0.5250090789851894
0.5604234666288538
0.1751553006188229
0.20330813542625514
0.14503644266392102
0.9978787821265241
0.13674844196269542
0.7478661936709003
0.8642629748304297
0.5853819750352656
0.5126696370940904
0.6478926515076493
0.022850348772524898
0.9002379323168542
0.4907101784386392
0.41700283823466766
0.8913122824310858
0.46339465384264955
0.20260910467168525
0.46930126537239936
0.8317911718905472
0.09565690106941538
0.38772141146691763
0.3195835192521286
0.9070829157286939
0.18546244991421112
0.5625247325702973
0.032911012600573164
0.3685052541161262
0.6818658250249876
0.007842009971578134
0.8861086904051451
0.8679304173083442
0.1829990466646194
0.5102865132904778
0.14948276737272315
0.7751807618654835
0.7899099637499108
0.3637703158166806
0.7098304091748322
0.4236216107546973
0.7489626212070073
0.5521561486377751
0.9077605346108706
0.467329973042934
0.36677093054267174
0.32450995739020416
0.95354356922866
0.8342346740476128
0.26106159567016407
0.9545945755087504
0.2987012902831987
0.6894622625637538
0.919101090399677
0.8327300851412698
0.4075673307487262
0.0017431191706031024
0.7990386726543568
0.3979725234922853
0.35904445972367827
0.8488417817467362
0.3675748135596846
0.6419627466339974
0.3312129602491657
0.34589265422405646
0.8442888201110637
0.542625918903438
0.3962391887971015
0.37803458228288667
0.9665686965171407
0.648901807527689
0.4698383815761198
0.5025817956003507
0.10495664042087893
0.5404426706601496
0.6682115497028809
0.35094641409842653
0.2708405592755526
0.45265988734263374
0.8200120559993017
0.7734092928236138
0.8121181012300808
0.9980677342661036
0.06399335777095871
0.27129762546857383
0.7600365896672712
0.5339842314409403
0.6327616489401108
0.22584001357867534
0.962146981974004
0.30303492642177177
0.07274452826608979
0.5634616729132952
0.7843898735560251
0.4497154745624442
0.6998642145698681
0.07012981031321641
0.599463902915525
0.45898536651317223
0.9090811990757909
0.8170458107692142
0.4222052224869858
0.04970729787238459
0.6162502866674182
0.6141261323028562
0.5980704187363741
0.5302580551688016
0.5581146202768014
0.6783683386981635
0.4300267252361675
0.2575057644789638
0.04785334491237225
0.7385267049502152
0.468119545396556
0.711828218962813
0.7112537518000185
0.23468517889204055
0.574757553015923
0.6084196348855841
0.326501784445836
0.8993960262677868
0.5771492114466573
0.2404800226965872
0.24291575732891635
0.06419907824881899
0.6817544463376574
0.29394416047483163
0.7532662467956668
0.17549184714145283
0.46436926607570483
0.39084691099405133
0.8851282464310523
0.8326257728355779
0.024475681081477907
0.21952705071896972
0.548918343141534
0.5474905721523861
0.2853378276054671
0.5247249391800295
0.15048279500984862
0.17302693325274998
0.9050469650897238
0.2819676869309453
0.8404940932229662
0.747406226313303
0.5223338806281497
0.3756221747764783
0.320023380135559
0.5475108478442009
0.7410293308459559
0.8791785646955403
0.15296517786065789
0.39842757770734694
0.388156556954916
0.2227826843005991
0.8655466466311862
0.48886811616274617
0.7010077267128227
0.8679614241617138
0.4088912542319213
0.5999025724957833
0.006503926406991933
0.38368532542502465
0.47011177311096264
0.8291656577257842
0.6101866107679212
0.5321143679226669
0.7370297769510298
0.04444950241347756
0.41237353976621727
0.25178378560248305
0.774656657484141
0.2733904090129492
0.9411703996711325
0.02309255682886424
0.03495991316739744
0.2879232598272222
0.7002097848722568
0.6536017663200351
0.7623176497870958
0.12647525905915935
0.5245248396711119
0.8548680126464849
0.09177813515333744
0.31580765977649927
0.3345788406180811
0.6663704652311555
0.8125029864922778
0.773320917708126
0.49187811061630493
0.4034289544516655
0.26924821919549424
0.7807624131022283
0.26696471786181075
0.2441010364141798
0.3711902142334973
0.5456647388317263
0.08377951368487246
0.4419819081356604
0.3935219149514041
0.768840985220598
0.25311688896390716
0.6992131013652637
0.7396192197721128
0.2930224544694745
0.7783701775789862
0.7364541831882803
0.35140360309093677
0.4102160912162731
0.7362717689187168
0.9745473540942481
0.45089812026964926
0.26332919035338753
0.16724358022846575
0.6956616681190403
0.6828006376271294
0.7058962291385845
0.7771580914463508
0.9278678343455327
0.6307170677124261
0.5626511649438927
0.7579160919697183
0.5714943302786937
0.9592687889969764
0.9940337006315828
0.5662993045205874
0.9327863437870509
0.374732441124882
0.7267604916111627
0.11468373361418283
0.4010837631044907
0.9473633582803785
0.2259703108372072
0.22709764329711157
0.9588327604268044
0.827925471452451
0.3692419957640679
0.8472437905537502
0.05533217518776168
0.20937699850362568
0.008043373806385756
0.9887538739226228
0.6581255891145578
0.6269430985893225
0.5469203245010288
0.8464827216537522
0.5180715186691233
0.012769153725220028
0.5470648969373489
0.38131381055686786
0.3696839470760024
0.15050604233952625
0.060125460457853164
0.9583327917042629
0.14781423310749675
0.9098276036036584
0.9881326839382816
0.144541647224816
0.40250164472062067
0.06303663035760998
0.5512283513161859
0.25298459383918737
0.8189143888292795
0.006823730752598345
0.807026371813125
0.9735418149314728
0.01778694397303393
0.48981284985486595
0.8083185905703211
0.009087623773244236
0.6298204756725848
0.7503321832312257
0.5273240118241309
0.32698059461699647
0.22424045974235274
0.4526055329406732
0.9164593657466851
0.3764332685473317
0.31976067820596876
0.07253681458636752
0.9433685503120017
0.1357361367004991
0.5686929007791862
0.36594180970224977
0.3906288305973943
0.5471745047207907
0.364947798866764
0.18007898710765136
0.44061622358170716
0.28163862960723596
0.6505740087207671
0.9431712350899149
0.6567352003033441
0.5918332382636082
0.5714062786062151
0.8711257170382648
0.8610489108228427
0.8807198087499231
0.704978084469726
0.4212314187703684
0.6152295164188423
0.19417633955793934
0.3174481217184847
0.39501106044003
